427877
744451
556841
639091
805213
822989
310129
267217
713861
751549
100343
506357
353161
392831
104327
929963
399067
766637
153557
719353
374729
266603
643243
434923
751189
109391
402767
911419
362951
971563
702869
720743
582419
370121
373231
575219
428369
478189
803519
385153
542131
282703
462827
815053
713351
591233
555361
448667
495749
138469
242161
464771
131759
783743
934079
273359
714919
800143
271729
590809
958673
985519
492799
319577
322001
473471
868291
902449
593587
399389
151729
719567
466441
165247
785801
395159
435221
181931
260453
664099
499309
826783
914873
466957
576391
635567
664757
963659
666437
498013
495773
804259
234217
522787
512921
265003
929897
161009
128287
199583
547871
939089
407633
523031
184111
234457
838207
963839
268253
453379
631361
195469
808637
845303
588097
623743
647893
916061
658433
881369
606443
865061
521243
466183
104801
685103
369197
152953
802787
577009
919927
274811
884363
112247
220553
298709
664061
655357
201997
905111
312269
774239
819487
429529
449557
889351
406499
793181
873991
993211
985403
906317
212593
635351
716959
564419
332399
712051
132817
505459
248779
136099
977447
908053
836921
594569
366967
985447
394049
142231
805877
312601
474569
456581
482897
509879
491819
198413
555827
745397
841327
114781
993541
527851
164987
539713
454849
204371
281933
494687
385057
258197
738877
175333
512321
642427
196613
137483
364873
589579
488711
947299
132329
791387
598841
927397
310721
969809
823129
312253
333581
294103
964973
291299
215827
275699
402221
991493
385589
621473
805499
822557
594977
563021
499729
439289
165103
959083
911681
455033
891817
671941
870479
932917
902263
725827
630523
133279
471959
360637
482117
904999
618571
639949
531847
413087
863561
103669
656791
198811
676601
977681
766807
953333
767869
142501
364687
538511
531343
654413
902137
292673
296843
385589
979219