390209
706369
181439
903163
665131
617051
859679
458219
114883
236723
821467
741467
395293
818021
483229
945881
624721
814829
842371
452857
732799
293983
324983
631133
383419
499787
524309
183037
725357
881017
165103
169817
605861
450257
330271
701219
628753
418813
309277
286513
562427
630719
684443
262541
281339
464771
541301
971693
328411
201151
980689
607109
261959
218447
979103
653789
557759
990797
967787
869299
255193
251159
494471
651221
284551
285611
287813
884341
339769
851267
880687
875779
859751
662141
900157
206237
809093
659077
572419
560293
442007
112601
782011
155327
137869
656077
995567
444569
982103
692729
706213
736721
906229
141907
670471
514277
948557
534841
120847
560669
246839
193979
702607
974761
997111
770191
550127
436571
271367
515153
660529
234211
720697
614279
914897
555697
110771
652207
911039
574127
496493
542083
646403
230143
555097
902669
960647
858503
212209
182779
713569
991663
667123
424939
390581
484703
794579
432931
487897
197971
121787
839519
342989
942341
351151
647837
487757
265961
312971
326563
273289
415949
357569
969083
553507
903347
243533
861221
776077
665153
671971
170213
394727
173573
804581
602891
356173
652559
580711
628973
962161
623881
557717
318737
378283
601319
384157
100343
301813
981173
443711
461677
546781
241603
134047
810839
257869
436811
232333
508643
513509
292717
862331
656989
936493
347519
737203
728477
363359
310571
268927
741667
334603
162787
649291
269947
672143
232709
732841
308773
771739
381389
977209
529327
923959
233353
791081
348253
327983
140407
823451
812491
333673
436693
706679
147613
751103
981493
826303
887987
258827
170389
880301
363889
663037
425333
427043
817757
299213
240197
292753
784489
324211
710089
130423
960059
679891
228257
944551
560531
569077
108359
347177
989797
728947
417671
195077
258019
561161
847997
266479
637423
750437
427309
456047
667229