876619
616769
603667
160081
755143
324517
478853
192373
387203
410929
689873
840839
237781
433943
867547
868121
756179
486323
785549
251177
997343
808441
166487
430487
460969
421019
531989
824077
779239
911341
327347
604609
164471
595271
530843
760229
383113
838093
420029
335663
431423
473173
765059
667727
822821
260747
577937
808039
849733
937571
851723
131363
284387
576161
917083
422077
540577
541523
523463
490571
106783
154277
841979
771587
782443
466247
614041
620051
595003
692707
332303
133697
510383
522719
997541
134293
516539
664369
402587
912839
666229
192581
137771
414451
589591
872173
497729
995941
910069
103951
119297
476753
143519
217849
160969
109037
403721
264527
283093
811703
730573
852463
418709
399493
366547
153271
165799
798071
580577
288931
201211
680657
997097
355427
322633
885919
802121
873787
617723
116539
658837
268253
788357
808373
406327
284507
962867
830233
981073
957611
668047
729779
167861
489871
849301
350593
602627
359761
538297
925273
793399
335381
460531
397337
680861
872959
681647
306589
874651
973367
419191
440023
939901
247031
310231
939791
429733
795139
918439
922531
876797
256603
823241
892559
407233
559451
174631
432097
515681
943073
760261
303907
401381
722321
532333
180419
113327
184337
970747
856169
360779
378823
332161
123229
131861
284201
450479
783421
310019
239273
212161
890893
674347
156007
131731
313777
741253
782849
523177
649147
526859
737753
247339
933241
849119
448367
508621
201911
565727
229409
257287
671059
449171
575173
437509
189859
671261
524411
425393
907997
301993
745477
711023
319607
621083
293507
463483
178753
932231
944521
474811
764321
523763
999029
836567
218191
966923
187193
136393
474389
331691
213467
707467
356263
668009
629683
354301
934883
785537
220919
807923
673529
587731
882943
938117
650543
181499
509287
184241
675247
330853
745067
861907
681041
416201